緯度経度の一覧
yahagi(矢作川)
"epsg": 6677,
"lon_min": 136.84375,
"lon_max": 137.84375,
"lat_min": 34.67500,
"lat_max": 35.52500


